%YAML:1.0
---
CM1: !!opencv-matrix
   rows: 3
   cols: 3
   dt: d
   data: [ 7.1507668921098639e+02, 0., 3.2085248251125648e+02, 0.,
       7.1719357879745883e+02, 2.4082487257272714e+02, 0., 0., 1. ]
CM2: !!opencv-matrix
   rows: 3
   cols: 3
   dt: d
   data: [ 7.1507668921098639e+02, 0., 3.1204968092326988e+02, 0.,
       7.1719357879745883e+02, 2.2541081397198397e+02, 0., 0., 1. ]
D1: !!opencv-matrix
   rows: 1
   cols: 14
   dt: d
   data: [ -2.9767198021841836e-02, 7.3085405655223268e-01, 0., 0., 0.,
       0., 0., 2.7498066627274134e+00, 0., 0., 0., 0., 0., 0. ]
D2: !!opencv-matrix
   rows: 1
   cols: 14
   dt: d
   data: [ 9.4951486561424922e-02, -3.3910969862367296e-01, 0., 0., 0.,
       0., 0., 1.0090655830644941e-01, 0., 0., 0., 0., 0., 0. ]
R: !!opencv-matrix
   rows: 3
   cols: 3
   dt: d
   data: [ 9.9822890639871487e-01, -1.7953412748000351e-02,
       5.6716182882187646e-02, 1.8403852274056456e-02,
       9.9980302993097181e-01, -7.4296407936706148e-03,
       -5.6571624083992175e-02, 8.4602784557132622e-03,
       9.9836269713814485e-01 ]
T: !!opencv-matrix
   rows: 3
   cols: 1
   dt: d
   data: [ -1.0648334426419985e-01, -1.9923947736202900e-03,
       -2.3823676151044702e-03 ]
E: !!opencv-matrix
   rows: 3
   cols: 3
   dt: d
   data: [ 1.5655774981103660e-04, 2.3650421454123370e-03,
       -2.0068327555741966e-03, -8.4020839419860875e-03,
       9.4365037248214808e-04, 1.0617387998254529e-01,
       2.9162318499666422e-05, -1.0649814051825754e-01,
       9.0413402474593437e-04 ]
F: !!opencv-matrix
   rows: 3
   cols: 3
   dt: d
   data: [ 8.8758995354768397e-08, 1.3368815192648814e-06,
       -1.1640153852503585e-03, -4.7494251919113518e-06,
       5.3184046711977351e-07, 4.4312289199927170e-02,
       1.0546971680915021e-03, -4.3584630024621492e-02,
       9.9999999999999989e-01 ]
R1: !!opencv-matrix
   rows: 3
   cols: 3
   dt: d
   data: [ 9.9688366156599417e-01, 9.4264236157906198e-04,
       7.8880141532293058e-02, -5.9986864788545355e-04,
       9.9999027558532338e-01, -4.3690837018852810e-03,
       -7.8883492952465745e-02, 4.3081504345777360e-03,
       9.9687453291748374e-01 ]
R2: !!opencv-matrix
   rows: 3
   cols: 3
   dt: d
   data: [ 9.9957494417729598e-01, 1.8702905213789242e-02,
       2.2363638110099834e-02, -1.8799842136194223e-02,
       9.9981472826023676e-01, 4.1322015394682221e-03,
       -2.2282210586242794e-02, -4.5508779892041214e-03,
       9.9974136285387216e-01 ]
P1: !!opencv-matrix
   rows: 3
   cols: 4
   dt: d
   data: [ 7.7774037887059001e+02, 0., 2.7248429107666016e+02, 0., 0.,
       7.7774037887059001e+02, 2.3311208915710449e+02, 0., 0., 0., 1.,
       0. ]
P2: !!opencv-matrix
   rows: 3
   cols: 4
   dt: d
   data: [ 7.7774037887059001e+02, 0., 2.7248429107666016e+02,
       -8.2851613072002920e+01, 0., 7.7774037887059001e+02,
       2.3311208915710449e+02, 0., 0., 0., 1., 0. ]
Q: !!opencv-matrix
   rows: 4
   cols: 4
   dt: d
   data: [ 1., 0., 0., -2.7248429107666016e+02, 0., 1., 0.,
       -2.3311208915710449e+02, 0., 0., 0., 7.7774037887059001e+02, 0.,
       0., 9.3871483008386072e+00, 0. ]
framesize: [ 640, 480 ]
calib_error: 2.5136357895929035e-01
validRoiL: [ 0, 0, 640, 480 ]
validRoiR: [ 0, 0, 640, 480 ]
