%YAML:1.0
---
CM1: !!opencv-matrix
   rows: 3
   cols: 3
   dt: d
   data: [ 7.5465541208965453e+02, 0., 3.2129750385881272e+02, 0.,
       7.5725998832297876e+02, 2.4134379864534918e+02, 0., 0., 1. ]
CM2: !!opencv-matrix
   rows: 3
   cols: 3
   dt: d
   data: [ 7.5465541208965453e+02, 0., 3.1573168912889292e+02, 0.,
       7.5725998832297876e+02, 2.3525066291579046e+02, 0., 0., 1. ]
D1: !!opencv-matrix
   rows: 1
   cols: 14
   dt: d
   data: [ -5.4831440641518944e-02, -3.0530233635550202e-01, 0., 0., 0.,
       0., 0., -1.4775140583045532e+00, 0., 0., 0., 0., 0., 0. ]
D2: !!opencv-matrix
   rows: 1
   cols: 14
   dt: d
   data: [ 4.1750022685459090e-02, -7.9460774074360729e-01, 0., 0., 0.,
       0., 0., -4.9835580485677777e-01, 0., 0., 0., 0., 0., 0. ]
R: !!opencv-matrix
   rows: 3
   cols: 3
   dt: d
   data: [ 9.9915939299247569e-01, -1.3924034561367076e-02,
       3.8556823733827801e-02, 1.5722266872684475e-02,
       9.9878358483716256e-01, -4.6735008122504508e-02,
       -3.7859182760483619e-02, 4.7301923019686311e-02,
       9.9816291774406651e-01 ]
T: !!opencv-matrix
   rows: 3
   cols: 1
   dt: d
   data: [ -9.2112083632904102e-02, -1.3457286797650034e-03,
       -2.0423756852895370e-02 ]
E: !!opencv-matrix
   rows: 3
   cols: 3
   dt: d
   data: [ 3.7205594381728701e-04, 2.0335257530961777e-02,
       -2.2977609078982286e-03, -2.3893876708471921e-02,
       4.6414597854792100e-03, 9.1155390965545383e-02,
       -1.0361331026898348e-04, -9.2018775070339759e-02,
       4.3567460002638435e-03 ]
F: !!opencv-matrix
   rows: 3
   cols: 3
   dt: d
   data: [ 1.0132051407310129e-07, 5.5187725429842939e-06,
       -1.8366936963016211e-03, -6.4845439268912021e-06,
       1.2553102953547893e-06, 2.0449627280591496e-02,
       1.4722093503180187e-03, -2.0883710584467037e-02,
       9.9999999999999989e-01 ]
R1: !!opencv-matrix
   rows: 3
   cols: 3
   dt: d
   data: [ 9.6739909067249430e-01, 1.0890380337808796e-02,
       2.5302252662980240e-01, -4.6747026258704034e-03,
       9.9967265975697450e-01, -2.5153935870472599e-02,
       -2.5321363810306680e-01, 2.3151089618288729e-02,
       9.6713333130861290e-01 ]
R2: !!opencv-matrix
   rows: 3
   cols: 3
   dt: d
   data: [ 9.7618999514554494e-01, 1.4261829952761476e-02,
       2.1644790039207937e-01, -1.9560105574164089e-02,
       9.9955871525075723e-01, 2.2355693596553185e-02,
       -2.1603355213408065e-01, -2.6057148206469767e-02,
       9.7603818028788070e-01 ]
P1: !!opencv-matrix
   rows: 3
   cols: 4
   dt: d
   data: [ 8.8660906716109287e+02, 0., 1.0091662502288818e+02, 0., 0.,
       8.8660906716109287e+02, 2.3933166885375977e+02, 0., 0., 0., 1.,
       0. ]
P2: !!opencv-matrix
   rows: 3
   cols: 4
   dt: d
   data: [ 8.8660906716109287e+02, 0., 1.0091662502288818e+02,
       -8.3659337782761739e+01, 0., 8.8660906716109287e+02,
       2.3933166885375977e+02, 0., 0., 0., 1., 0. ]
Q: !!opencv-matrix
   rows: 4
   cols: 4
   dt: d
   data: [ 1., 0., 0., -1.0091662502288818e+02, 0., 1., 0.,
       -2.3933166885375977e+02, 0., 0., 0., 8.8660906716109287e+02, 0.,
       0., 1.0597849453020430e+01, 0. ]
framesize: [ 640, 480 ]
calib_error: 3.3126301567370775e-01
validRoiL: [ 0, 0, 640, 480 ]
validRoiR: [ 0, 0, 640, 480 ]
