%YAML:1.0
---
CM1: !!opencv-matrix
   rows: 3
   cols: 3
   dt: d
   data: [ 7.2898716573499621e+02, 0., 3.2067356724709680e+02, 0.,
       7.2830722846875119e+02, 2.4096515986949083e+02, 0., 0., 1. ]
CM2: !!opencv-matrix
   rows: 3
   cols: 3
   dt: d
   data: [ 7.2898716573499621e+02, 0., 3.1694568046101227e+02, 0.,
       7.2830722846875119e+02, 2.3591867002890331e+02, 0., 0., 1. ]
D1: !!opencv-matrix
   rows: 1
   cols: 14
   dt: d
   data: [ -1.7127369860759283e-02, 4.8245521983470530e-01, 0., 0., 0.,
       0., 0., 1.9555089242068988e+00, 0., 0., 0., 0., 0., 0. ]
D2: !!opencv-matrix
   rows: 1
   cols: 14
   dt: d
   data: [ 4.1012431611235904e-02, 9.2477556456574750e-01, 0., 0., 0.,
       0., 0., 6.0168485459883341e+00, 0., 0., 0., 0., 0., 0. ]
R: !!opencv-matrix
   rows: 3
   cols: 3
   dt: d
   data: [ 9.9937935060360672e-01, -3.7821642603678763e-03,
       3.5022975610602809e-02, 3.7040414606497548e-03,
       9.9999050595177452e-01, 2.2952305269193715e-03,
       -3.5031324039651583e-02, -2.1640794397412635e-03,
       9.9938387174108800e-01 ]
T: !!opencv-matrix
   rows: 3
   cols: 1
   dt: d
   data: [ -7.8983823773715503e-02, -2.4034692554763936e-03,
       -3.7275853096654194e-03 ]
E: !!opencv-matrix
   rows: 3
   cols: 3
   dt: d
   data: [ 9.8003840843043349e-05, 3.7327512181905519e-03,
       -2.3934327425542282e-03, -6.4921797106007352e-03,
       -1.5682892916515605e-04, 7.8804608478504734e-02,
       2.1094181857552368e-03, -7.8992164213002522e-02,
       -9.7109438342868400e-05 ]
F: !!opencv-matrix
   rows: 3
   cols: 3
   dt: d
   data: [ 7.7655214134588404e-07, 2.9604779662364990e-05,
       -2.1207851486363987e-02, -5.1490050803326732e-05,
       -1.2449853079367142e-06, 4.7243307589194611e-01,
       2.4085906264412989e-02, -4.6579535508618009e-01, 1. ]
R1: !!opencv-matrix
   rows: 3
   cols: 3
   dt: d
   data: [ 9.9626926455990394e-01, 2.6503553345401273e-02,
       8.2128643927291731e-02, -2.6569676224018332e-02,
       9.9964692238140285e-01, -2.8788667964784191e-04,
       -8.2107276161246745e-02, -1.8953188272564940e-03,
       9.9662169501166487e-01 ]
R2: !!opencv-matrix
   rows: 3
   cols: 3
   dt: d
   data: [ 9.9842707934317121e-01, 3.0382028551964563e-02,
       4.7120054916487727e-02, -3.0344097281484711e-02,
       9.9953835573668814e-01, -1.5202537188230237e-03,
       -4.7144490605340109e-02, 8.8046950050249019e-05,
       9.9888807643964683e-01 ]
P1: !!opencv-matrix
   rows: 3
   cols: 4
   dt: d
   data: [ 7.7190883940796186e+02, 0., 2.5400000572204590e+02, 0., 0.,
       7.7190883940796186e+02, 2.3428167724609375e+02, 0., 0., 0., 1.,
       0. ]
P2: !!opencv-matrix
   rows: 3
   cols: 4
   dt: d
   data: [ 7.7190883940796186e+02, 0., 2.5400000572204590e+02,
       -6.1064361136198926e+01, 0., 7.7190883940796186e+02,
       2.3428167724609375e+02, 0., 0., 0., 1., 0. ]
Q: !!opencv-matrix
   rows: 4
   cols: 4
   dt: d
   data: [ 1., 0., 0., -2.5400000572204590e+02, 0., 1., 0.,
       -2.3428167724609375e+02, 0., 0., 0., 7.7190883940796186e+02, 0.,
       0., 1.2640905841727944e+01, 0. ]
framesize: [ 640, 480 ]
calib_error: 3.0634829256734442e-01
validRoiL: [ 0, 0, 640, 480 ]
validRoiR: [ 0, 0, 640, 480 ]
