%YAML:1.0
---
CM1: !!opencv-matrix
   rows: 3
   cols: 3
   dt: d
   data: [ 6.7562516641882064e+02, 0., 3.1985961285981989e+02, 0.,
       6.8271364081592390e+02, 2.4238387378951543e+02, 0., 0., 1. ]
CM2: !!opencv-matrix
   rows: 3
   cols: 3
   dt: d
   data: [ 6.7562516641882064e+02, 0., 3.1521593990887300e+02, 0.,
       6.8271364081592390e+02, 2.3324543607381975e+02, 0., 0., 1. ]
D1: !!opencv-matrix
   rows: 1
   cols: 14
   dt: d
   data: [ -2.3927347327494845e-02, 9.0823206325687000e-01, 0., 0., 0.,
       0., 0., 3.3934410130707842e+00, 0., 0., 0., 0., 0., 0. ]
D2: !!opencv-matrix
   rows: 1
   cols: 14
   dt: d
   data: [ 1.7601859341481835e-01, -1.9860823679247577e+00, 0., 0., 0.,
       0., 0., -9.1156026003262305e+00, 0., 0., 0., 0., 0., 0. ]
R: !!opencv-matrix
   rows: 3
   cols: 3
   dt: d
   data: [ 9.9891588351471272e-01, -5.2961572599397825e-03,
       4.6249414918449271e-02, 5.1285202049314773e-03,
       9.9997984563899533e-01, 3.7425387531376370e-03,
       -4.6268303864832779e-02, -3.5012903463029960e-03,
       9.9892291245289910e-01 ]
T: !!opencv-matrix
   rows: 3
   cols: 1
   dt: d
   data: [ -3.6455041516160400e+00, 3.1979779944867934e-02,
       -1.2922768376522029e-01 ]
E: !!opencv-matrix
   rows: 3
   cols: 3
   dt: d
   data: [ -8.1690338879320706e-04, 1.2911310876903204e-01,
       3.2428974536599840e-02, -2.9775887973037529e-01,
       -1.2079558357902361e-02, 3.6356009197260222e+00,
       -5.0641151836958290e-02, -3.6452613088655981e+00,
       -1.5122486673818073e-02 ]
F: !!opencv-matrix
   rows: 3
   cols: 3
   dt: d
   data: [ -1.0287165582297248e-07, 1.6090243213895011e-05,
       -1.1080324313133387e-03, -3.7107098106739904e-05,
       -1.4897402952016994e-06, 3.1833787876775460e-01,
       4.3789054367274934e-03, -3.1164553226258257e-01, 1. ]
R1: !!opencv-matrix
   rows: 3
   cols: 3
   dt: d
   data: [ 9.9656648679110660e-01, -1.4183031069301867e-02,
       8.1572538482742221e-02, 1.4030576125282634e-02,
       9.9989858492367489e-01, 2.4418847690698001e-03,
       -8.1598899125073315e-02, -1.2889908145459516e-03,
       9.9666441602189060e-01 ]
R2: !!opencv-matrix
   rows: 3
   cols: 3
   dt: d
   data: [ 9.9933389037529652e-01, -8.7665454698447262e-03,
       3.5424895594765131e-02, 8.8326809385282663e-03,
       9.9995952754815043e-01, -1.7108515768446463e-03,
       -3.5408463604243330e-02, 2.0226087622120968e-03,
       9.9937087698160487e-01 ]
P1: !!opencv-matrix
   rows: 3
   cols: 4
   dt: d
   data: [ 8.9091962133887262e+02, 0., 2.7254413223266602e+02, 0., 0.,
       8.9091962133887262e+02, 2.4125027465820312e+02, 0., 0., 0., 1.,
       0. ]
P2: !!opencv-matrix
   rows: 3
   cols: 4
   dt: d
   data: [ 8.9091962133887262e+02, 0., 2.7254413223266602e+02,
       -3.2500160453152757e+03, 0., 8.9091962133887262e+02,
       2.4125027465820312e+02, 0., 0., 0., 1., 0. ]
Q: !!opencv-matrix
   rows: 4
   cols: 4
   dt: d
   data: [ 1., 0., 0., -2.7254413223266602e+02, 0., 1., 0.,
       -2.4125027465820312e+02, 0., 0., 0., 8.9091962133887262e+02, 0.,
       0., 2.7412776088385338e-01, 0. ]
framesize: [ 640, 480 ]
calib_error: 3.4707429880173529e-01
validRoiL: [ 0, 0, 640, 480 ]
validRoiR: [ 0, 0, 640, 480 ]
