%YAML:1.0
---
CM1: !!opencv-matrix
   rows: 3
   cols: 3
   dt: d
   data: [ 6.5408059647100174e+02, 0., 3.1867257005065937e+02, 0.,
       6.5904685844035316e+02, 2.3950775956720719e+02, 0., 0., 1. ]
CM2: !!opencv-matrix
   rows: 3
   cols: 3
   dt: d
   data: [ 6.5408059647100174e+02, 0., 3.3151638481040737e+02, 0.,
       6.5904685844035316e+02, 2.4704169036530038e+02, 0., 0., 1. ]
D1: !!opencv-matrix
   rows: 1
   cols: 14
   dt: d
   data: [ 1.1572751789195222e-01, -6.0679340422115691e-01, 0., 0., 0.,
       0., 0., -7.6330903726010757e-01, 0., 0., 0., 0., 0., 0. ]
D2: !!opencv-matrix
   rows: 1
   cols: 14
   dt: d
   data: [ 2.5352993021669750e-02, 3.9323784843888404e-01, 0., 0., 0.,
       0., 0., 1.8498257952878843e+00, 0., 0., 0., 0., 0., 0. ]
R: !!opencv-matrix
   rows: 3
   cols: 3
   dt: d
   data: [ 9.9876665621241156e-01, 4.2994077201918878e-03,
       -4.9463941730658434e-02, -4.5286496980595755e-03,
       9.9997951493031823e-01, -4.5233893970985086e-03,
       4.9443480563070019e-02, 4.7418153676701382e-03,
       9.9876566691933710e-01 ]
T: !!opencv-matrix
   rows: 3
   cols: 1
   dt: d
   data: [ 3.4731033722490170e+00, 1.0766810191872925e-02,
       3.4492493352474013e-01 ]
E: !!opencv-matrix
   rows: 3
   cols: 3
   dt: d
   data: [ 2.0943927665081664e-03, -3.4486681348741327e-01,
       1.2313750148980595e-02, 1.7277720342146582e-01,
       -1.4985842021954429e-02, -3.4858777526774070e+00,
       -2.6481999551475836e-02, 3.4729859345775638e+00,
       -1.5177630097102417e-02 ]
F: !!opencv-matrix
   rows: 3
   cols: 3
   dt: d
   data: [ 1.9391139852510246e-06, -3.1689222600870810e-04,
       8.2737250472767004e-02, 1.5876202190091561e-04,
       -1.3666468436461053e-05, -2.1424142927515955e+00,
       -5.5900838445430874e-02, 2.1957772835262794e+00, 1. ]
R1: !!opencv-matrix
   rows: 3
   cols: 3
   dt: d
   data: [ 9.9874495170059718e-01, 7.8317581836848272e-03,
       4.9469030881189036e-02, -7.7245675685455326e-03,
       9.9996738577588129e-01, -2.3576344985064344e-03,
       -4.9485881910406759e-02, 1.9725486817462556e-03,
       9.9877287535417558e-01 ]
R2: !!opencv-matrix
   rows: 3
   cols: 3
   dt: d
   data: [ 9.9509989447965053e-01, 3.0848640358427581e-03,
       9.8826532978086107e-02, -3.2991551273219978e-03,
       9.9999254773378388e-01, 2.0050068183545067e-03,
       -9.8819611323027592e-02, -2.3212261363656640e-03,
       9.9510265617532634e-01 ]
P1: !!opencv-matrix
   rows: 3
   cols: 4
   dt: d
   data: [ 6.8928436673170518e+02, 0., 2.6651852416992188e+02, 0., 0.,
       6.8928436673170518e+02, 2.4450358581542969e+02, 0., 0., 0., 1.,
       0. ]
P2: !!opencv-matrix
   rows: 3
   cols: 4
   dt: d
   data: [ 6.8928436673170518e+02, 0., 2.6651852416992188e+02,
       2.4057442592597608e+03, 0., 6.8928436673170518e+02,
       2.4450358581542969e+02, 0., 0., 0., 1., 0. ]
Q: !!opencv-matrix
   rows: 4
   cols: 4
   dt: d
   data: [ 1., 0., 0., -2.6651852416992188e+02, 0., 1., 0.,
       -2.4450358581542969e+02, 0., 0., 0., 6.8928436673170518e+02, 0.,
       0., -2.8651606008354169e-01, 0. ]
framesize: [ 640, 480 ]
calib_error: 3.7032037408799628e-01
validRoiL: [ 0, 0, 640, 480 ]
validRoiR: [ 0, 0, 640, 480 ]
