%YAML:1.0
---
CM1: !!opencv-matrix
   rows: 3
   cols: 3
   dt: d
   data: [ 5.3735419485010389e+03, 0., 3.2318515378654541e+02, 0.,
       5.3691578707726276e+03, 2.3675025891657705e+02, 0., 0., 1. ]
CM2: !!opencv-matrix
   rows: 3
   cols: 3
   dt: d
   data: [ 5.3735419485010389e+03, 0., 3.1565710693857625e+02, 0.,
       5.3691578707726276e+03, 2.4001247889425252e+02, 0., 0., 1. ]
D1: !!opencv-matrix
   rows: 1
   cols: 14
   dt: d
   data: [ -5.8130221219829350e+00, 1.0101609098508472e+03, 0., 0., 0.,
       0., 0., -1.3173593975445861e+00, 0., 0., 0., 0., 0., 0. ]
D2: !!opencv-matrix
   rows: 1
   cols: 14
   dt: d
   data: [ 1.8954898875209787e+00, -1.2381399199177608e+01, 0., 0., 0.,
       0., 0., 2.0110123522075429e-02, 0., 0., 0., 0., 0., 0. ]
R: !!opencv-matrix
   rows: 3
   cols: 3
   dt: d
   data: [ 9.9749582776106316e-01, -1.1268846944463277e-02,
       6.9821821000412565e-02, 8.0941490311360297e-03,
       9.9892763535007589e-01, 4.5585788195089058e-02,
       -7.0260645817791567e-02, -4.4906485304998231e-02,
       9.9651736022350301e-01 ]
T: !!opencv-matrix
   rows: 3
   cols: 1
   dt: d
   data: [ -1.8881616782893953e+01, -1.1154946825736719e+01,
       6.6542558008771568e-02 ]
E: !!opencv-matrix
   rows: 3
   cols: 3
   dt: d
   data: [ 7.8321516265794988e-01, 4.3445825558613521e-01,
       -1.1119131559172047e+01, -1.2602586652678831e+00,
       -8.4865690449712927e-01, 1.8820505035815472e+01,
       1.0974182297379350e+01, -1.8987072192975418e+01,
       -8.1874682910133112e-02 ]
F: !!opencv-matrix
   rows: 3
   cols: 3
   dt: d
   data: [ -2.8857818251978397e-07, -1.6020827013246237e-07,
       2.2145951724862892e-02, 4.6472557049151128e-07,
       3.1320125643850750e-07, -3.7517469337160374e-02,
       -2.1748221465018806e-02, 3.7598580561914320e-02, 1. ]
R1: !!opencv-matrix
   rows: 3
   cols: 3
   dt: d
   data: [ 8.6314416925949011e-01, 4.9853545818897227e-01,
       8.0277892359329972e-02, -4.9954130330446156e-01,
       8.6624871342882315e-01, -8.4647962638589053e-03,
       -7.3760622056926323e-02, -3.2795783436595623e-02,
       9.9673657865182974e-01 ]
R2: !!opencv-matrix
   rows: 3
   cols: 3
   dt: d
   data: [ 8.6096993644851438e-01, 5.0864679492605969e-01,
       -3.0342286149900657e-03, -5.0864301749753182e-01,
       8.6089054276474675e-01, -1.2237406964922730e-02,
       -3.6123791116826620e-03, 1.2079378695390035e-02,
       9.9992051650493041e-01 ]
P1: !!opencv-matrix
   rows: 3
   cols: 4
   dt: d
   data: [ 1.3819858060119956e+05, 0., 1.1671699476242065e+02, 0., 0.,
       1.3819858060119956e+05, 2.9308686989545822e+02, 0., 0., 0., 1.,
       0. ]
P2: !!opencv-matrix
   rows: 3
   cols: 4
   dt: d
   data: [ 1.3819858060119956e+05, 0., 1.1671699476242065e+02,
       -3.0307825260606799e+06, 0., 1.3819858060119956e+05,
       2.9308686989545822e+02, 0., 0., 0., 1., 0. ]
Q: !!opencv-matrix
   rows: 4
   cols: 4
   dt: d
   data: [ 1., 0., 0., -1.1671699476242065e+02, 0., 1., 0.,
       -2.9308686989545822e+02, 0., 0., 0., 1.3819858060119956e+05, 0.,
       0., 4.5598316412634829e-02, 0. ]
framesize: [ 640, 480 ]
calib_error: 1.0526391768475660e+00
validRoiL: [ 0, 0, 0, 0 ]
validRoiR: [ 0, 0, 0, 0 ]
