%YAML:1.0
---
CM1: !!opencv-matrix
   rows: 3
   cols: 3
   dt: d
   data: [ 6.7597282079820513e+02, 0., 2.9308319473097686e+02, 0.,
       6.7494321148769427e+02, 2.6492865650349569e+02, 0., 0., 1. ]
CM2: !!opencv-matrix
   rows: 3
   cols: 3
   dt: d
   data: [ 6.7597282079820513e+02, 0., 3.1535928227639937e+02, 0.,
       6.7494321148769427e+02, 2.6683259475763896e+02, 0., 0., 1. ]
D1: !!opencv-matrix
   rows: 1
   cols: 14
   dt: d
   data: [ -4.6320387170800059e-01, 2.7105382004659861e-01, 0., 0., 0.,
       0., 0., 3.3415702733555180e-01, 0., 0., 0., 0., 0., 0. ]
D2: !!opencv-matrix
   rows: 1
   cols: 14
   dt: d
   data: [ -4.3099769425548901e-01, -1.5229405407629258e-02, 0., 0., 0.,
       0., 0., -2.9316939639690442e-01, 0., 0., 0., 0., 0., 0. ]
R: !!opencv-matrix
   rows: 3
   cols: 3
   dt: d
   data: [ 9.9960960968034418e-01, -7.4435573253461701e-03,
       -2.6929940383414015e-02, 8.3598971597553286e-03,
       9.9938428637373689e-01, 3.4075801806192886e-02,
       2.6659714068013977e-02, -3.4287630475156906e-02,
       9.9905636379646312e-01 ]
T: !!opencv-matrix
   rows: 3
   cols: 1
   dt: d
   data: [ -6.5322965884506340e-02, -2.6229901528692376e-03,
       -1.9643390317904965e-04 ]
E: !!opencv-matrix
   rows: 3
   cols: 3
   dt: d
   data: [ -6.8286000249443956e-05, 2.8624907324975801e-04,
       -2.6138213616467231e-03, 1.5451343752707744e-03,
       -2.2383075487702798e-03, 6.5266614722277197e-02,
       2.0758728859403262e-03, -6.5302270021870029e-02,
       -2.2965694073161878e-03 ]
F: !!opencv-matrix
   rows: 3
   cols: 3
   dt: d
   data: [ 6.8201350217990416e-08, -2.8633035218734437e-07,
       1.8205503600266543e-03, -1.5455731081512843e-06,
       2.2423585573503657e-06, -4.4272068400440991e-02,
       -1.0105927923168315e-03, 4.3647056303878967e-02, 1. ]
R1: !!opencv-matrix
   rows: 3
   cols: 3
   dt: d
   data: [ 9.9921572684352766e-01, 3.2556409767648259e-02,
       -2.2539108491727512e-02, -3.2160274218321031e-02,
       9.9932562414014792e-01, 1.7720431685098147e-02,
       2.3100822296257772e-02, -1.6981670116475979e-02,
       9.9958890294425129e-01 ]
R2: !!opencv-matrix
   rows: 3
   cols: 3
   dt: d
   data: [ 9.9919028404208465e-01, 4.0121666865501601e-02,
       3.0046836492403327e-03, -4.0063466897411089e-02,
       9.9904530706921790e-01, -1.7418181395663566e-02,
       -3.7006615703608636e-03, 1.7283699572311094e-02,
       9.9984377721373829e-01 ]
P1: !!opencv-matrix
   rows: 3
   cols: 4
   dt: d
   data: [ 6.8971542101464377e+02, 0., 2.9782961654663086e+02, 0., 0.,
       6.8971542101464377e+02, 2.7862149810791016e+02, 0., 0., 0., 1.,
       0. ]
P2: !!opencv-matrix
   rows: 3
   cols: 4
   dt: d
   data: [ 6.8971542101464377e+02, 0., 2.9782961654663086e+02,
       -4.5090767631063045e+01, 0., 6.8971542101464377e+02,
       2.7862149810791016e+02, 0., 0., 0., 1., 0. ]
Q: !!opencv-matrix
   rows: 4
   cols: 4
   dt: d
   data: [ 1., 0., 0., -2.9782961654663086e+02, 0., 1., 0.,
       -2.7862149810791016e+02, 0., 0., 0., 6.8971542101464377e+02, 0.,
       0., 1.5296156114661013e+01, 0. ]
framesize: [ 640, 480 ]
calib_error: 1.6776183298686442e+00
validRoiL: [ 0, 0, 640, 480 ]
validRoiR: [ 0, 0, 640, 480 ]
