%YAML:1.0
---
CM1: !!opencv-matrix
   rows: 3
   cols: 3
   dt: d
   data: [ 6.6700890475721337e+02, 0., 3.2649752367827460e+02, 0.,
       6.7324618839737275e+02, 2.4275443031625852e+02, 0., 0., 1. ]
CM2: !!opencv-matrix
   rows: 3
   cols: 3
   dt: d
   data: [ 6.6700890475721337e+02, 0., 3.1171458107482368e+02, 0.,
       6.7324618839737275e+02, 2.2819706892496444e+02, 0., 0., 1. ]
D1: !!opencv-matrix
   rows: 1
   cols: 14
   dt: d
   data: [ 6.9859922028987539e-02, -4.6835515112872900e-02, 0., 0., 0.,
       0., 0., 3.9093444867173549e-01, 0., 0., 0., 0., 0., 0. ]
D2: !!opencv-matrix
   rows: 1
   cols: 14
   dt: d
   data: [ 1.3126570526664894e-01, -6.4606245077001789e-01, 0., 0., 0.,
       0., 0., -5.9177840954413441e-01, 0., 0., 0., 0., 0., 0. ]
R: !!opencv-matrix
   rows: 3
   cols: 3
   dt: d
   data: [ 9.9859479666463558e-01, -4.9180428731311386e-03,
       5.2765944780826801e-02, 4.1454926110244305e-03,
       9.9988275869993459e-01, 1.4740547670300962e-02,
       -5.2832253078277491e-02, -1.4501093369346922e-02,
       9.9849810782282722e-01 ]
T: !!opencv-matrix
   rows: 3
   cols: 1
   dt: d
   data: [ -3.3653195783259786e+00, -3.0410395838734745e-02,
       -8.9800981482386369e-02 ]
E: !!opencv-matrix
   rows: 3
   cols: 3
   dt: d
   data: [ 1.9789190343606051e-03, 9.0231437088026514e-02,
       -2.9041007054738888e-02, -2.6747220849508851e-01,
       -4.8359168346016598e-02, 3.3555267975474408e+00,
       1.6416755603386207e-02, -3.3650745835140037e+00,
       -4.8002020402521453e-02 ]
F: !!opencv-matrix
   rows: 3
   cols: 3
   dt: d
   data: [ -4.0488618256665940e-06, -1.8290287540668980e-04,
       8.5354631566271558e-02, 5.4217728991064770e-04,
       9.7117883865307169e-05, -4.7374514142011233e+00,
       -1.4486509302674885e-01, 4.5846166815631051e+00, 1. ]
R1: !!opencv-matrix
   rows: 3
   cols: 3
   dt: d
   data: [ 9.9682695386953823e-01, 3.7288741086002790e-03,
       7.9511757225328827e-02, -4.2989655443345584e-03,
       9.9996625939486583e-01, 6.9999262202246762e-03,
       -7.9482972606880059e-02, -7.3195334360992501e-03,
       9.9680935062621268e-01 ]
R2: !!opencv-matrix
   rows: 3
   cols: 3
   dt: d
   data: [ 9.9960338353762324e-01, 9.0328225500174494e-03,
       2.6673652485464296e-02, -8.8414438385952740e-03,
       9.9993438346683161e-01, -7.2840669722745322e-03,
       -2.6737697937264254e-02, 7.0453443909798382e-03,
       9.9961765622233190e-01 ]
P1: !!opencv-matrix
   rows: 3
   cols: 4
   dt: d
   data: [ 7.0393946688131734e+02, 0., 2.7481828689575195e+02, 0., 0.,
       7.0393946688131734e+02, 2.3542549133300781e+02, 0., 0., 0., 1.,
       0. ]
P2: !!opencv-matrix
   rows: 3
   cols: 4
   dt: d
   data: [ 7.0393946688131734e+02, 0., 2.7481828689575195e+02,
       -2.3699212196222879e+03, 0., 7.0393946688131734e+02,
       2.3542549133300781e+02, 0., 0., 0., 1., 0. ]
Q: !!opencv-matrix
   rows: 4
   cols: 4
   dt: d
   data: [ 1., 0., 0., -2.7481828689575195e+02, 0., 1., 0.,
       -2.3542549133300781e+02, 0., 0., 0., 7.0393946688131734e+02, 0.,
       0., 2.9703074560153925e-01, 0. ]
framesize: [ 640, 480 ]
calib_error: 2.4355879906830302e-01
validRoiL: [ 0, 0, 640, 480 ]
validRoiR: [ 0, 0, 640, 480 ]
