%YAML:1.0
---
CM1: !!opencv-matrix
   rows: 3
   cols: 3
   dt: d
   data: [ 6.4895773717753423e+02, 0., 3.1921203224920617e+02, 0.,
       6.5585158397695170e+02, 2.3950441986759964e+02, 0., 0., 1. ]
CM2: !!opencv-matrix
   rows: 3
   cols: 3
   dt: d
   data: [ 6.4895773717753423e+02, 0., 3.2055754661868940e+02, 0.,
       6.5585158397695170e+02, 2.4376200042536001e+02, 0., 0., 1. ]
D1: !!opencv-matrix
   rows: 1
   cols: 14
   dt: d
   data: [ -9.5266670620208459e-03, 2.2279246426213792e-01, 0., 0., 0.,
       0., 0., 4.8267202156126232e-01, 0., 0., 0., 0., 0., 0. ]
D2: !!opencv-matrix
   rows: 1
   cols: 14
   dt: d
   data: [ 1.1527647183778710e-01, -4.2076142140072947e-01, 0., 0., 0.,
       0., 0., -1.2416163326087220e+00, 0., 0., 0., 0., 0., 0. ]
R: !!opencv-matrix
   rows: 3
   cols: 3
   dt: d
   data: [ 9.9928744138991799e-01, -4.3341026606982507e-03,
       3.7494333365426409e-02, 5.1282163080080840e-03,
       9.9976401982357876e-01, -2.1109383309253802e-02,
       -3.7393995211657712e-02, 2.1286620688245734e-02,
       9.9907385557914852e-01 ]
T: !!opencv-matrix
   rows: 3
   cols: 1
   dt: d
   data: [ -3.5546243298279911e+00, 1.5700491024106125e-01,
       -3.6665134947384254e-01 ]
E: !!opencv-matrix
   rows: 3
   cols: 3
   dt: d
   data: [ -3.9907734320360627e-03, 3.6990693099420219e-01,
       1.4911971714249667e-01, -4.9931169406670667e-01,
       7.7255044387561325e-02, 3.5375848864106421e+00,
       -1.7512191749751005e-01, -3.5531050335523084e+00,
       6.9149133054151282e-02 ]
F: !!opencv-matrix
   rows: 3
   cols: 3
   dt: d
   data: [ -1.9224972910052689e-07, 1.7632422185777311e-05,
       5.0019528774237088e-04, -2.3800782992676188e-05,
       3.6438223588185889e-06, 1.1615639545080322e-01,
       3.8858730737088783e-04, -1.1645214218236670e-01, 1. ]
R1: !!opencv-matrix
   rows: 3
   cols: 3
   dt: d
   data: [ 9.8899738124793823e-01, -4.6008486792822725e-02,
       1.4059658256072591e-01, 4.7458308497937779e-02,
       9.9884886876259726e-01, -6.9746918350867201e-03,
       -1.4011384242548958e-01, 1.3570427948834849e-02,
       9.9004240042841130e-01 ]
R2: !!opencv-matrix
   rows: 3
   cols: 3
   dt: d
   data: [ 9.9376364329017597e-01, -4.3893744356145369e-02,
       1.0250444127467540e-01, 4.2833866711072976e-02,
       9.9900376814532887e-01, 1.2519228970348285e-02,
       -1.0295183892099280e-01, -8.0504930179047807e-03,
       9.9465376308791731e-01 ]
P1: !!opencv-matrix
   rows: 3
   cols: 4
   dt: d
   data: [ 7.6472983699764620e+02, 0., 2.2055983352661133e+02, 0., 0.,
       7.6472983699764620e+02, 2.3904542541503906e+02, 0., 0., 0., 1.,
       0. ]
P2: !!opencv-matrix
   rows: 3
   cols: 4
   dt: d
   data: [ 7.6472983699764620e+02, 0., 2.2055983352661133e+02,
       -2.7353861279703551e+03, 0., 7.6472983699764620e+02,
       2.3904542541503906e+02, 0., 0., 0., 1., 0. ]
Q: !!opencv-matrix
   rows: 4
   cols: 4
   dt: d
   data: [ 1., 0., 0., -2.2055983352661133e+02, 0., 1., 0.,
       -2.3904542541503906e+02, 0., 0., 0., 7.6472983699764620e+02, 0.,
       0., 2.7956924588378773e-01, 0. ]
framesize: [ 640, 480 ]
calib_error: 6.3280111070054257e-01
validRoiL: [ 0, 0, 640, 480 ]
validRoiR: [ 0, 0, 640, 480 ]
