%YAML:1.0
CM1: !!opencv-matrix
   rows: 3
   cols: 3
   dt: d
   data: [ 5.4359810973970878e+002, 0., 3.2357637255412425e+002, 0.,
       5.3515315734199078e+002, 2.3698411504150508e+002, 0., 0., 1. ]
CM2: !!opencv-matrix
   rows: 3
   cols: 3
   dt: d
   data: [ 5.4359810973970878e+002, 0., 3.2245969343336941e+002, 0.,
       5.3515315734199078e+002, 2.4001442917649712e+002, 0., 0., 1. ]
D1: !!opencv-matrix
   rows: 1
   cols: 14
   dt: d
   data: [ -3.0503494317696206e-001, 9.2691869370071484e-002, 0., 0., 0.,
       0., 0., 2.6287694995667483e-002, 0., 0., 0., 0., 0., 0. ]
D2: !!opencv-matrix
   rows: 1
   cols: 14
   dt: d
   data: [ -3.0894325692012153e-001, 1.4877703045676263e-001, 0., 0., 0.,
       0., 0., 1.2970604203370555e-002, 0., 0., 0., 0., 0., 0. ]
R: !!opencv-matrix
   rows: 3
   cols: 3
   dt: d
   data: [ 9.9982839655211386e-001, 4.8232006068799627e-003,
       -1.7886145027218883e-002, -4.5549161119673720e-003,
       9.9987696733607645e-001, 1.5010094270979234e-002,
       1.7956341142945965e-002, -1.4926048596883783e-002,
       9.9972735427517523e-001 ]
T: !!opencv-matrix
   rows: 3
   cols: 1
   dt: d
   data: [ -3.3473400649570988e+000, 4.7229989491591511e-002,
       -4.9249298427295737e-002 ]
E: !!opencv-matrix
   rows: 3
   cols: 3
   dt: d
   data: [ 6.2375138057919150e-004, 4.8538282036532057e-002,
       4.7956349049046408e-002, 1.0865133049940932e-002,
       -5.0200099725908720e-002, 3.3473083070930127e+000,
       -3.1975031468444132e-002, -3.3471560325058278e+000,
       -4.9399127490351177e-002 ]
F: !!opencv-matrix
   rows: 3
   cols: 3
   dt: d
   data: [ -2.9344113783669308e-008, -2.3194965174868076e-006,
       -6.6722502445420735e-004, -5.1921158339310283e-007,
       2.4367655697554353e-006, -8.7362151144050493e-002,
       9.5178884798675695e-004, 8.7111810630196476e-002, 1. ]
R1: !!opencv-matrix
   rows: 3
   cols: 3
   dt: d
   data: [ 9.9994911066673264e-001, -9.5024032740000965e-003,
       -3.3882751996576312e-003, 9.5273429444308819e-003,
       9.9992706901024586e-001, 7.4220210857909178e-003,
       3.3175010519284525e-003, -7.4539246439036064e-003,
       9.9996671604317588e-001 ]
R2: !!opencv-matrix
   rows: 3
   cols: 3
   dt: d
   data: [ 9.9979228713600687e-001, -1.4106776813496735e-002,
       1.4709909288857827e-002, 1.4215805520081641e-002,
       9.9987205430751336e-001, -7.3338863018145156e-003,
       -1.4604569722092186e-002, 7.5414761689550211e-003,
       9.9986490721518262e-001 ]
P1: !!opencv-matrix
   rows: 3
   cols: 4
   dt: d
   data: [ 4.1107484298020637e+002, 0., 3.2046387863159180e+002, 0., 0.,
       4.1107484298020637e+002, 2.3808621215820312e+002, 0., 0., 0., 1.,
       0. ]
P2: !!opencv-matrix
   rows: 3
   cols: 4
   dt: d
   data: [ 4.1107484298020637e+002, 0., 3.2046387863159180e+002,
       -1.3762931653986718e+003, 0., 4.1107484298020637e+002,
       2.3808621215820312e+002, 0., 0., 0., 1., 0. ]
Q: !!opencv-matrix
   rows: 4
   cols: 4
   dt: d
   data: [ 1., 0., 0., -3.2046387863159180e+002, 0., 1., 0.,
       -2.3808621215820312e+002, 0., 0., 0., 4.1107484298020637e+002, 0.,
       0., 2.9868261596803763e-001, 0. ]
framesize: [ 640, 480 ]
calib_error: 6.7999421799143656e-001
validRoiL: [ 40, 48, 550, 394 ]
validRoiR: [ 56, 38, 542, 393 ]
